# (slave) id, asymmetry, rt_m, rt_s, t1, t2, tm1, tm2, offset, delay
# (master) id, rt, t1, t2, tm1, tm2
0, -47673, 63379, 111052, 1678185754859506406, 1678216464035881677, 1678216464036149039, 1678185754859884820, -30709128178101, -14337944
1, -49717, 61020, 110737, 1678185756279415237, 1678216465372239469, 1678216465372507087, 1678185756279793592, -30709060394716, -19591925
2, -2118, 88369, 90487, 1678216467650340642, 1678216467675105085, 1678216467675366975, 1678216467650693019, -8939932, -14337944
4, -141152, 85105, 226257, 1678216469174283074, 1678216469193573533, 1678216469193826671, 1678216469174762469, -14409130, -2041792
7, -2783, 87091, 89874, 1678216471397440048, 1678216471395455269, 1678216471395720207, 1678216471397794860, 4723084, -1863249
8, -3755, 86283, 90038, 1678216472332186237, 1678216472329411365, 1678216472329675263, 1678216472332540173, 4595715, -1732791
9, -1499, 88456, 89955, 1678216473180463530, 1678216473178462645, 1678216473178727327, 1678216473180818167, 3199887, -1624834
10, -396, 87625, 88021, 1678216473948672364, 1678216473947657301, 1678216473947944719, 1678216473949047803, 1124999, -821659
11, 1996, 88804, 86808, 1678216475684562229, 1678216475684541797, 1678216475684847727, 1678216475684954967, -114414, -78076
13, 498, 89709, 89211, 1678216477336102387, 1678216477336037005, 1678216477336366719, 1678216477336521312, 357921, -94642
14, -461, 86949, 87410, 1678216478463421050, 1678216478463230933, 1678216478463556895, 1678216478463834422, 291814, -13132
15, -1234, 86992, 88226, 1678216479086978881, 1678216479086799205, 1678216479087117039, 1678216479087384941, 216358, 39531
16, -4403, 86823, 91226, 1678216481032360854, 1678216481032259773, 1678216481032656175, 1678216481032848482, 107441, 45992
17, -29, 88500, 88529, 1678216482796280753, 1678216482796268725, 1678216482796683487, 1678216482796784044, 26196, 49086
18, 1969, 89630, 87661, 1678216484074190525, 1678216484074211621, 1678216484074544143, 1678216484074610708, 9983, 49086
19, 1497, 89052, 87555, 1678216485979945499, 1678216485979983365, 1678216485980295855, 1678216485980345544, 5, 48429
21, -3301, 87295, 90596, 1678216487353119954, 1678216487353162253, 1678216487353456415, 1678216487353504712, -299, 45525
22, -436, 87265, 87701, 1678216487841559952, 1678216487841602485, 1678216487841876207, 1678216487841921375, -923, 45525
23, 441, 89757, 89316, 1678216489181443737, 1678216489181487693, 1678216489181799199, 1678216489181844559, -1442, 45525
24, -2403, 88513, 90916, 1678216489949997490, 1678216489950041773, 1678216489950365295, 1678216489950411928, -1421, 45525
25, 2381, 89634, 87253, 1678216491575083787, 1678216491575126237, 1678216491575418575, 1678216491575463378, 1985, 44839
26, 1560, 91405, 89845, 1678216493465826544, 1678216493465872013, 1678216493466123391, 1678216493466167767, 1205, 44465
27, -163, 88218, 88381, 1678216494536128036, 1678216494536174605, 1678216494536427119, 1678216494536468931, -2753, 44465
28, -353, 87980, 88333, 1678216495485940718, 1678216495485984133, 1678216495486247263, 1678216495486292181, -853, 44295
30, -1456, 89308, 90764, 1678216496551817128, 1678216496551861429, 1678216496552193711, 1678216496552240174, 1661, 44031
31, -1501, 89670, 91171, 1678216498190525109, 1678216498190572037, 1678216498190892367, 1678216498190936610, -910, 44031
33, 3465, 90117, 86652, 1678216500272912817, 1678216500272957501, 1678216500273290783, 1678216500273332751, -437, 44078
34, 1670, 89762, 88092, 1678216501549796809, 1678216501549841573, 1678216501550163791, 1678216501550207119, -1248, 44087
35, -182901, 89140, 272041, 1678216502192226070, 1678216502192453109, 1678216502192771599, 1678216502192816601, 911, 44332
36, -2091, 85883, 87974, 1678216503601938459, 1678216503601982877, 1678216503602215423, 1678216503602258979, -925, 44153
37, 2664, 89700, 87036, 1678216505499779017, 1678216505499821245, 1678216505500147407, 1678216505500192215, 2893, 44038
38, 2041, 90542, 88501, 1678216506959472589, 1678216506959517109, 1678216506959819903, 1678216506959863884, 657, 44038
40, 690, 90597, 89907, 1678216508100821876, 1678216508100868189, 1678216508101176895, 1678216508101220489, -432, 44223
43, -1522, 87243, 88765, 1678216509582197270, 1678216509582242853, 1678216509582469055, 1678216509582512237, -938, 44223
45, -3006, 85981, 88987, 1678216511529580367, 1678216511529624973, 1678216511529952287, 1678216511529996668, -2587, 44322
46, -180730, 92847, 273577, 1678216512951966756, 1678216512952195309, 1678216512952448063, 1678216512952493087, 1842, 44546
48, 868, 88183, 87315, 1678216514286691067, 1678216514286736501, 1678216514287065151, 1678216514287107032, -4317, 45256
49, -93456, 86867, 180323, 1678216515135912631, 1678216515136048917, 1678216515136441279, 1678216515136485316, -1004, 45440
50, -2775, 88294, 91069, 1678216517005752986, 1678216517005796261, 1678216517006037679, 1678216517006085473, 161, 45309
51, 1369, 88405, 87036, 1678216518285032674, 1678216518285074365, 1678216518285402047, 1678216518285447392, 633, 45309
52, -2315, 87668, 89983, 1678216520117828071, 1678216520117870493, 1678216520118022287, 1678216520118069848, 1388, 45309
54, -1384, 89004, 90388, 1678216521671461510, 1678216521671506149, 1678216521671833311, 1678216521671879060, 830, 45188
55, 170, 88862, 88692, 1678216523384762461, 1678216523384807421, 1678216523385118511, 1678216523385162243, -1278, 45309
56, 4124, 90700, 86576, 1678216524118558833, 1678216524118602021, 1678216524118742607, 1678216524118785995, -89, 45136
57, 98, 89676, 89578, 1678216524932862454, 1678216524932906541, 1678216524933299455, 1678216524933344946, 818, 44944
58, -1422, 86526, 87948, 1678216526116523387, 1678216526116567437, 1678216526116877055, 1678216526116920953, -2749, 44881
59, 803, 90398, 89595, 1678216527732248536, 1678216527732291565, 1678216527732618559, 1678216527732665125, 1167, 44741
60, -3758, 86973, 90731, 1678216529567529745, 1678216529567575925, 1678216529567921167, 1678216529567965718, -2003, 44741
61, 31, 90355, 90324, 1678216530297125380, 1678216530297170029, 1678216530297503535, 1678216530297549210, 2463, 44741
63, 1234, 91357, 90123, 1678216531509759068, 1678216531509803853, 1678216531510125583, 1678216531510170921, -65, 44881
64, -1230, 89750, 90980, 1678216533070892935, 1678216533070938941, 1678216533071261935, 1678216533071306909, -156, 45030
65, 2126, 89691, 87565, 1678216535060579594, 1678216535060624069, 1678216535060942687, 1678216535060985777, 2406, 44765
66, 41032, 130150, 89118, 1678216536128046645, 1678216536128090181, 1678216536128294031, 1678216536128339613, -1472, 45030
68, -484, 90521, 91005, 1678216538571233671, 1678216538571279549, 1678216538571528767, 1678216538571573894, -461, 45499
69, -192, 88860, 89052, 1678216539780155430, 1678216539780200549, 1678216539780526911, 1678216539780570844, -274, 45499
70, -935, 89429, 90364, 1678216541385790716, 1678216541385833637, 1678216541386159583, 1678216541386207026, 1849, 45253
71, 729, 89942, 89213, 1678216542879658810, 1678216542879702429, 1678216542879962367, 1678216542880007961, -1960, 45253
72, -3770, 87883, 91653, 1678216543989042417, 1678216543989088173, 1678216543989364383, 1678216543989410280, -982, 44971
73, -216, 87829, 88045, 1678216545517332395, 1678216545517375189, 1678216545517688575, 1678216545517733826, 1330, 44685
75, 9596966, 19708548, 10111582, 1678216547487371346, 1678216547487414669, 1678216547487735359, 1678216547497803618, 10023180, 44685
76, -5663387, 23767821, 29431208, 1678216548573353431, 1678216548593083517, 1678216548593399375, 1678216548603100497, 4145013, 44685
78, 3706980, 14021388, 10314408, 1678216550519787991, 1678216550534392309, 1678216550534722031, 1678216550530432121, -432993, 44685
80, 9498470, 19593398, 10094928, 1678216551360463219, 1678216551376182893, 1678216551376498319, 1678216551370873573, -7954841, 1967701
81, 9464177, 19562357, 10098180, 1678216553078429803, 1678216553089268109, 1678216553089584703, 1678216553088844577, -5690253, 4291695
82, 3535685, 13708281, 10172596, 1678216554445818794, 1678216554452656581, 1678216554452981311, 1678216554456316120, 3423412, 4291695
83, 3411189, 13550855, 10139666, 1678216556315431664, 1678216556321457741, 1678216556321776671, 1678216556325890260, 3775346, 4473129
84, 3257939, 13391989, 10134050, 1678216558117012735, 1678216558123770957, 1678216558123906703, 1678216558127282531, 3098604, 4635867
86, 9594587, 19681571, 10086984, 1678216559145860851, 1678216559152830685, 1678216559153151135, 1678216559156268285, -3700857, 5784526
87, 3096962, 13247304, 10150342, 1678216560005966893, 1678216560012638589, 1678216560012953695, 1678216560016432341, 3003407, 5629396
88, 9595546, 19685691, 10090145, 1678216561278169139, 1678216561284221565, 1678216561284551343, 1678216561288589062, -3626546, 7016332
89, 2917000, 13065873, 10148873, 1678216562108629045, 1678216562113560309, 1678216562113886063, 1678216562119103672, 4276411, 5629396
90, 2781660, 12908799, 10127139, 1678216563965168375, 1678216563970954525, 1678216563971280991, 1678216563975621980, 3542585, 4628171
91, 9414122, 19652806, 10238684, 1678216564918132735, 1678216564923889525, 1678216564924268591, 1678216564928750485, -2435698, 4628171
92, 2631593, 12762135, 10130542, 1678216566526609378, 1678216566532977757, 1678216566533304975, 1678216566537067138, 1890896, 4628171
93, 2468660, 12603237, 10134577, 1678216567953225466, 1678216567960632533, 1678216567960966911, 1678216567963694421, 1797256, 4739211
96, 9581176, 19676070, 10094894, 1678216569284548409, 1678216569291686469, 1678216569292012751, 1678216569294969585, -3131340, 5619995
98, 9565287, 19663787, 10098500, 1678216570674325429, 1678216570679252989, 1678216570679580447, 1678216570684751387, -2322510, 6252605
99, 2139743, 12277233, 10137490, 1678216572528309840, 1678216572532334189, 1678216572532663759, 1678216572538776900, 2173116, 6252605
100, 1989872, 12119141, 10129269, 1678216573730333293, 1678216573735448325, 1678216573735774879, 1678216573740789116, 2065191, 6252605
101, 9523698, 19619506, 10095808, 1678216574684997794, 1678216574688928293, 1678216574689254095, 1678216574695419404, -1415171, 6178652
102, 1814416, 11942441, 10128025, 1678216576497677605, 1678216576501883133, 1678216576502269743, 1678216576508192240, 1693397, 6178652
103, 1615981, 11740830, 10124849, 1678216578391887832, 1678216578396310605, 1678216578396613391, 1678216578402315467, 1413958, 6178652
104, 9085080, 19184805, 10099725, 1678216579115054459, 1678216579119794021, 1678216579120119551, 1678216579125479714, -1329399, 6145116
105, 8902190, 19005479, 10103289, 1678216581079342975, 1678216581083994429, 1678216581084327151, 1678216581089778986, -1164104, 6081403
106, 9526360, 19629496, 10103136, 1678216583053967046, 1678216583058584005, 1678216583058904415, 1678216583064390592, -984804, 5975637
109, 1115214, 11237638, 10122424, 1678216583824031918, 1678216583828981749, 1678216583829308847, 1678216583834481440, 1914467, 5032184
110, 9534962, 19627132, 10092170, 1678216585252899267, 1678216585258332509, 1678216585258690671, 1678216585263349599, -1411967, 5482095
111, 9521051, 19628956, 10107905, 1678216586976738714, 1678216586981989973, 1678216586982318143, 1678216586987174789, -763999, 5329850
112, 803779, 10923511, 10119732, 1678216587646110252, 1678216587651639741, 1678216587651965583, 1678216587656555826, 663455, 5329850
114, 9477638, 19640747, 10163109, 1678216589415898125, 1678216589421292077, 1678216589421616959, 1678216589426386116, -991925, 5604455
115, 648204, 10768613, 10120409, 1678216590005992347, 1678216590011147629, 1678216590011464831, 1678216590016429958, 814708, 5326180
117, 9491569, 19595084, 10103515, 1678216591469706691, 1678216591474874669, 1678216591475198623, 1678216591480134160, -665126, 5528104
118, 487788, 10605319, 10117531, 1678216592311548629, 1678216592316376309, 1678216592316693583, 1678216592321983434, 425332, 5528104
120, 9559079, 19670092, 10111013, 1678216593362307131, 1678216593367170877, 1678216593367573951, 1678216593372821218, -248982, 5432007
121, 9521684, 19628224, 10106540, 1678216594709697477, 1678216594714390757, 1678216594714707471, 1678216594720120731, -210278, 5397028
122, 177563, 10291546, 10113983, 1678216595877782418, 1678216595882659045, 1678216595882991695, 1678216595888229051, 161412, 5397028
124, 9555866, 19666364, 10110498, 1678216597460992663, 1678216597465819237, 1678216597466135807, 1678216597471419731, 51359, 5215794
126, 9555020, 19667682, 10112662, 1678216598294784358, 1678216598299664093, 1678216598299967455, 1678216598305200382, 27237, 5190913
127, 9555789, 19668457, 10112668, 1678216599804120121, 1678216599809056685, 1678216599809384639, 1678216599814560743, 37357, 5131381
128, 9667271, 19778115, 10110844, 1678216601036986674, 1678216601041953053, 1678216601042293039, 1678216601047437504, 84982, 5131381
129, 9543758, 19657363, 10113605, 1678216602939060082, 1678216602944148117, 1678216602944461775, 1678216602949487345, 4417, 5070501
131, 9585256, 19694989, 10109733, 1678216605312817400, 1678216605317874429, 1678216605318219743, 1678216605323272447, -3551, 5058877
132, 9570444, 19684064, 10113620, 1678216605789891627, 1678216605794952613, 1678216605795274143, 1678216605800326777, -12207, 5059091
134, 9593092, 19707564, 10114472, 1678216607448788665, 1678216607453856149, 1678216607454192767, 1678216607459239755, -9921, 5057456
135, 9577340, 19688914, 10111574, 1678216608940301930, 1678216608945362925, 1678216608945688383, 1678216608950738962, 108, 5056686
137, 9559256, 19673109, 10113853, 1678216610189703407, 1678216610194762605, 1678216610195083359, 1678216610200138014, -4608, 5056686
138, 9746357, 19856747, 10110390, 1678216611014376183, 1678216611019432869, 1678216611019758271, 1678216611024811975, -1035, 5056128
140, 9462311, 19575190, 10112879, 1678216612486730406, 1678216612491784869, 1678216612492100783, 1678216612497159199, -937, 5056126
141, 9713975, 19825642, 10111667, 1678216614480215259, 1678216614485271901, 1678216614485600287, 1678216614490655312, -2271, 5056624
142, 9568915, 19681685, 10112770, 1678216615982946415, 1678216615988001181, 1678216615988317631, 1678216615993375635, 2127, 5056024
144, 9561494, 19674461, 10112967, 1678216617355373181, 1678216617360430397, 1678216617360799983, 1678216617365855734, -1551, 5056627
146, 9566556, 19679212, 10112656, 1678216618264302873, 1678216618269359893, 1678216618269686239, 1678216618274741875, -1224, 5056016
147, 9562699, 19675164, 10112465, 1678216618675463986, 1678216618680519405, 1678216618680837423, 1678216618685894469, 750, 5055919
149, 9593229, 19706836, 10113607, 1678216620396535629, 1678216620401591661, 1678216620401938431, 1678216620406996006, 37, 5056016
150, 277550, 10389453, 10111903, 1678216621901143083, 1678216621906199309, 1678216621906524255, 1678216621911579932, 278025, 5056199
153, 9697809, 19811506, 10113697, 1678216624468403123, 1678216624473576309, 1678216624473906303, 1678216624478846814, -90797, 5055587
154, 9567193, 19679594, 10112401, 1678216625790100552, 1678216625795151325, 1678216625795473327, 1678216625800534955, 28140, 5055212
155, 9591614, 19704293, 10112679, 1678216627024838851, 1678216627029870205, 1678216627030207103, 1678216627035288428, 25249, 5055212
156, 9568738, 19680544, 10111806, 1678216628252780049, 1678216628257816821, 1678216628258150719, 1678216628263225753, 17457, 5055212
157, -478579, 9631728, 10110307, 1678216629703735707, 1678216629708780693, 1678216629709106079, 1678216629714171400, -5008835, 5055835
159, 4536334, 9663929, 5127595, 1678216631582631523, 1678216631582833157, 1678216631583160255, 1678216631588086216, -24601, 5053282
161, 4530166, 9639803, 5109637, 1678216632253834859, 1678216632252902357, 1678216632253316367, 1678216632259358506, 1572778, 5003922
162, 4566611, 9665227, 5098616, 1678216633643915600, 1678216633642505813, 1678216633642821887, 1678216633649330290, 2276473, 3767157
164, 4156767, 9250620, 5093853, 1678216635598428918, 1678216635599157085, 1678216635599490959, 1678216635603856645, 1544890, 2830609
165, 4554188, 9646760, 5092572, 1678216635993795230, 1678216635995175405, 1678216635995502463, 1678216635999214860, -7919, 2718024
166, 4516508, 9617649, 5101141, 1678216637762219445, 1678216637765173917, 1678216637765483199, 1678216637767629868, -400131, 2554444
168, 4557234, 9655432, 5098198, 1678216639355281282, 1678216639358219141, 1678216639358545519, 1678216639360705858, -385808, 2548859
169, 4539211, 9642219, 5103008, 1678216639949366826, 1678216639952264661, 1678216639952629695, 1678216639954834868, -270335, 2548859
170, 4505240, 9608079, 5102839, 1678216641372655083, 1678216641375389757, 1678216641375723823, 1678216641378091988, -154481, 2548859
171, 4508419, 9608128, 5099709, 1678216642882109273, 1678216642884718909, 1678216642885040239, 1678216642887530312, -26132, 2548859
172, 4537426, 9636523, 5099097, 1678216643842125627, 1678216643844698477, 1678216643845012399, 1678216643847538646, -5941, 2547414
173, 4552146, 9653400, 5101254, 1678216645460053910, 1678216645462603565, 1678216645462923407, 1678216645465475006, 5831, 2546563
174, 4601313, 9700972, 5099659, 1678216646766009938, 1678216646768559293, 1678216646768881215, 1678216646771431519, 2598, 2546563
176, 4492710, 9593621, 5100911, 1678216649285088509, 1678216649287640845, 1678216649287956223, 1678216649290504798, 1922, 2546563
177, 4546943, 9645469, 5098526, 1678216651150394661, 1678216651152947653, 1678216651153191231, 1678216651155736765, -921, 2546937
178, 3819844, 8918826, 5098982, 1678216652538402600, 1678216652540954437, 1678216652541294847, 1678216652543841992, -930, 2548357
181, 4620061, 9720901, 5100840, 1678216653363657867, 1678216653366209757, 1678216653366521327, 1678216653369070277, 129606, 2549595
182, 4583307, 9683815, 5100508, 1678216654029453030, 1678216654032059581, 1678216654032330159, 1678216654034824116, -127878, 2549687
184, 4395861, 9664787, 5268926, 1678216656248912099, 1678216656251644989, 1678216656251973103, 1678216656254509139, 418, 2549798
185, 4563967, 9662501, 5098534, 1678216658163153777, 1678216658165691021, 1678216658166018527, 1678216658168579817, 11818, 2549798
186, 4562098, 9661654, 5099556, 1678216659586452696, 1678216659588994517, 1678216659589333119, 1678216659591890854, 6520, 2549876
187, 4539928, 9638510, 5098582, 1678216659969478526, 1678216659972021453, 1678216659972349423, 1678216659974905078, 5919, 2549878
190, 4506609, 9607375, 5100766, 1678216661016046233, 1678216661018591573, 1678216661018918159, 1678216661021473585, 1101, 2550639
191, 4564557, 9666692, 5102135, 1678216662379652945, 1678216662382201373, 1678216662382528495, 1678216662385082202, 2215, 2550639
192, 4512019, 9613854, 5101835, 1678216664265590071, 1678216664268141797, 1678216664268469375, 1678216664271019484, -551, 2550639
194, 4509716, 9609173, 5099457, 1678216664864917680, 1678216664867467861, 1678216664867801199, 1678216664870350475, -1327, 2550451
195, 4541630, 9641044, 5099414, 1678216665796694348, 1678216665799245589, 1678216665799573167, 1678216665802121340, 822, 2550258
197, 4721972, 9821977, 5100005, 1678216667556989631, 1678216667559540293, 1678216667559869855, 1678216667562419198, -781, 2550423
199, 4546624, 9647268, 5100644, 1678216668417658766, 1678216668420209245, 1678216668420536895, 1678216668423087060, 1673, 2550158
200, 4546274, 9646339, 5100065, 1678216670380275509, 1678216670382937549, 1678216670383265103, 1678216670385703128, -143125, 2550158
202, 4522412, 9646890, 5124478, 1678216671352532063, 1678216671355177013, 1678216671355490383, 1678216671357969911, -46031, 2550097
204, 229706, 5330090, 5100384, 1678216673602997202, 1678216673605535333, 1678216673605845199, 1678216673608407452, 242151, 2550044
205, 4547209, 9647807, 5100598, 1678216674320920451, 1678216674323620229, 1678216674323946383, 1678216674326347203, -214881, 2550044
206, 4543338, 9644074, 5100736, 1678216675289800588, 1678216675292462589, 1678216675292814783, 1678216675295253518, -60168, 2548016
207, 4581199, 9681258, 5100059, 1678216676585185775, 1678216676587733573, 1678216676588059375, 1678216676590611636, 9635, 2545120
208, 4489822, 9589719, 5099897, 1678216676795140878, 1678216676797684789, 1678216676797997247, 1678216676800553233, 23995, 2545120
209, 771635, 9827802, 9056167, 1678216678591308312, 1678216678597800965, 1678216678598105295, 1678216678600668809, 17470, 2545120
210, 4522869, 9625424, 5102555, 1678216679738463723, 1678216679741005925, 1678216679741339167, 1678216679743899520, 7151, 2545120
211, 4557767, 9658342, 5100575, 1678216680953333944, 1678216680955881173, 1678216680956182719, 1678216680958736065, 4211, 2547668
212, 4517436, 9616495, 5099059, 1678216682168198598, 1678216682170749093, 1678216682171073615, 1678216682173622179, -539, 2549541
214, 4522518, 9622341, 5099823, 1678216683999929429, 1678216684002480101, 1678216684002793599, 1678216684005342750, -588, 2550364
215, 4484240, 9586029, 5101789, 1678216684948732802, 1678216684951285509, 1678216684951596591, 1678216684954145673, -541, 2550364
216, 4594166, 9695460, 5101294, 1678216686266240167, 1678216686268791165, 1678216686269117727, 1678216686271668023, -68, 2550460
218, 4494249, 9593582, 5099333, 1678216687054740324, 1678216687057289373, 1678216687057602559, 1678216687060152843, 3242, 2550495
219, 4537420, 9639542, 5102122, 1678216687785032701, 1678216687787582021, 1678216687787907487, 1678216687790460289, -1502, 2550495
220, 4726777, 9825433, 5098656, 1678216689598311399, 1678216689600860349, 1678216689601162255, 1678216689603711961, -679, 2550495
221, 4568566, 9668395, 5099829, 1678216690380297248, 1678216690382846557, 1678216690383172703, 1678216690385723223, -151, 2550495
222, 4406846, 9641133, 5234287, 1678216691903852840, 1678216691906535213, 1678216691906860543, 1678216691909412457, 2242, 2550495
223, 4559205, 9660932, 5101727, 1678216693636956030, 1678216693639507333, 1678216693639753727, 1678216693642304151, 925, 2550445
224, 4490777, 9593782, 5103005, 1678216695165510114, 1678216695168060925, 1678216695168348223, 1678216695170900417, 53, 2550445
225, 4543308, 9643717, 5100409, 1678216695920709835, 1678216695923260781, 1678216695923510735, 1678216695926060198, -685, 2550445
227, 4495018, 9594814, 5099796, 1678216697446451116, 1678216697448999677, 1678216697449266095, 1678216697451817330, 486, 2549968
229, 4558558, 9656764, 5098206, 1678216698579994680, 1678216698582543869, 1678216698582857903, 1678216698585406920, 725, 2550019
230, 4540269, 9640821, 5100552, 1678216700270536939, 1678216700273087749, 1678216700273423759, 1678216700275973501, -2655, 2550469
232, 4480027, 9580205, 5100178, 1678216701911223131, 1678216701913774173, 1678216701914099391, 1678216701916648527, 866, 2550044
234, 4512934, 9611926, 5098992, 1678216703372214633, 1678216703374763229, 1678216703375084127, 1678216703377634523, 2135, 2549787
235, 4602213, 9703348, 5101135, 1678216703948520125, 1678216703951071229, 1678216703951404031, 1678216703953954062, 318, 2549787
237, -3759740, 9682044, 13441784, 1678216705614876702, 1678216705621103413, 1678216705621411439, 1678216705628626512, -861, 2550215
238, 539371, 1636992, 1097621, 1678216707338723902, 1678216707338390109, 1678216707338710911, 1678216707340142325, -3267, 2549846
240, 525164, 1617829, 1092665, 1678216708340406867, 1678216708338078133, 1678216708338399183, 1678216708341820582, 1206226, 2549689
241, 538522, 1628645, 1090123, 1678216710196419701, 1678216710194045293, 1678216710194368879, 1678216710197833410, 698081, 2549689
243, 549271, 1639441, 1090170, 1678216711008756987, 1678216711006699629, 1678216711007012399, 1678216711010159927, 2309039, 678620
244, 550772, 1640638, 1089866, 1678216712986874276, 1678216712987314093, 1678216712987633039, 1678216712988283088, -424166, 635037
245, 491596, 1594322, 1102726, 1678216714656832414, 1678216714657830381, 1678216714658152223, 1678216714658256982, -406503, 584879
246, 535986, 1629855, 1093869, 1678216715933968161, 1678216715934836973, 1678216715935157503, 1678216715935382560, -248601, 571932
248, 500397, 1592130, 1091733, 1678216717540552357, 1678216717541221645, 1678216717541489343, 1678216717541911788, -116003, 546453
249, 555113, 1645807, 1090694, 1678216719450875887, 1678216719451456909, 1678216719451754783, 1678216719452264455, -33726, 550800
250, 482716, 1572211, 1089495, 1678216719937176384, 1678216719937744221, 1678216719938055871, 1678216719938577529, -17091, 555883
251, 473951, 1565646, 1091695, 1678216720713489995, 1678216720714041725, 1678216720714301647, 1678216720714841612, 10520, 543858
252, 536634, 1627720, 1091086, 1678216722084276034, 1678216722084815861, 1678216722085129983, 1678216722085681242, 2683, 543858
254, 552747, 1645260, 1092513, 1678216724287736995, 1678216724288283373, 1678216724288598799, 1678216724289144934, 1069, 543594
255, 537001, 1626174, 1089173, 1678216726050024417, 1678216726050571429, 1678216726050908447, 1678216726051450608, 177, 543594
256, 560443, 1649321, 1088878, 1678216727864821456, 1678216727865406821, 1678216727865716687, 1678216727866220200, -152969, 544751
258, 538062, 1630382, 1092320, 1678216729259989805, 1678216729260621453, 1678216729260947423, 1678216729261408095, -45569, 544751
260, 536696, 1630489, 1093793, 1678216730479668879, 1678216730480223013, 1678216730480550655, 1678216730481090314, 565, 545015
262, 512685, 1605183, 1092498, 1678216731569295945, 1678216731569830445, 1678216731570140047, 1678216731570698045, 14151, 542982
263, 135285, 1224165, 1088880, 1678216732165167714, 1678216732165700605, 1678216732166017311, 1678216732166573300, 147884, 542982
265, 553887, 1643037, 1089150, 1678216733193986771, 1678216733194599125, 1678216733195014383, 1678216733195491179, -124503, 543121
266, 551425, 1642023, 1090598, 1678216734365058269, 1678216734365663221, 1678216734365979311, 1678216734366464957, -33676, 540635
267, 551618, 1645125, 1093507, 1678216735356897579, 1678216735357455157, 1678216735357786399, 1678216735358322328, 4142, 540635
268, 513286, 1604353, 1091067, 1678216736192230161, 1678216736192771645, 1678216736193102591, 1678216736193652174, 11892, 542180
270, 344953, 1561318, 1216365, 1678216736916479861, 1678216736917142829, 1678216736917468223, 1678216736918021620, 9823, 544071
271, 547408, 1637205, 1089797, 1678216738413868380, 1678216738414408677, 1678216738414733551, 1678216738415283051, 3337, 545647
272, 534346, 1626502, 1092156, 1678216740288769391, 1678216740289310861, 1678216740289626815, 1678216740290177501, 3418, 546623
274, 532499, 1626060, 1093561, 1678216742552234114, 1678216742552779581, 1678216742553106191, 1678216742553654285, 3051, 546025
275, 497009, 1587974, 1090965, 1678216742846377804, 1678216742846921541, 1678216742847242895, 1678216742847790123, -352, 546025
276, 688001, 1776834, 1088833, 1678216744284679558, 1678216744285223237, 1678216744285541119, 1678216744286086273, 424, 546025
277, 504483, 1595446, 1090963, 1678216745499722995, 1678216745500267509, 1678216745500448815, 1678216745500995264, 597, 546025
279, 533782, 1625669, 1091887, 1678216746239314930, 1678216746239861733, 1678216746240198111, 1678216746240743195, 999, 546087
280, 536804, 1626788, 1089984, 1678216747721645366, 1678216747722191277, 1678216747722516527, 1678216747723060600, -927, 545769
281, 546684, 1637508, 1090824, 1678216749709760688, 1678216749710305797, 1678216749710625791, 1678216749711171506, -1508, 545667
282, 551761, 1643156, 1091395, 1678216750689314296, 1678216750689859445, 1678216750690168911, 1678216750690715157, 1045, 545523
283, 517695, 1733156, 1215461, 1678216752503989358, 1678216752504657765, 1678216752504967823, 1678216752505514877, 76066, 545667
284, 554951, 1645688, 1090737, 1678216753754114162, 1678216753754727277, 1678216753755101119, 1678216753755578741, -23203, 545523
285, 510027, 1601163, 1091136, 1678216755215076347, 1678216755215634021, 1678216755215958127, 1678216755216491589, -1283, 545365
287, 684996, 1776672, 1091676, 1678216756614848846, 1678216756615389861, 1678216756615658031, 1678216756616208692, 5104, 544952
289, 589049, 1680091, 1091042, 1678216757589888178, 1678216757590425957, 1678216757590753743, 1678216757591307006, 7274, 544157
290, 548123, 1636870, 1088747, 1678216759037093003, 1678216759037634541, 1678216759037955903, 1678216759038503112, 2944, 544157
291, 537680, 1663524, 1125844, 1678216759922486600, 1678216759923031141, 1678216759923343631, 1678216759923924934, -1272, 544157
292, -664, 1091393, 1092057, 1678216761187255623, 1678216761187803349, 1678216761188122847, 1678216761188667178, -139, 544157
293, 550931, 1642148, 1091217, 1678216763018962369, 1678216763019508749, 1678216763019763567, 1678216763020308404, 1616, 544157
295, 540990, 1633845, 1092855, 1678216764230528674, 1678216764231076613, 1678216764231352271, 1678216764231897187, -741, 545412
296, 536931, 1629116, 1092185, 1678216765472447628, 1678216765472995381, 1678216765473280639, 1678216765473825071, -1501, 545579
297, 565001, 1656124, 1091123, 1678216765693841977, 1678216765694389693, 1678216765694660495, 1678216765695203902, 219, 545730
298, 537259, 1630772, 1093513, 1678216767084522450, 1678216767085069445, 1678216767085336351, 1678216767085882869, 685, 545859
299, 532444, 1622845, 1090401, 1678216767725020620, 1678216767725566381, 1678216767725825567, 1678216767726370207, -232, 546024
300, 530915, 1624196, 1093281, 1678216769405155659, 1678216769405702693, 1678216769405961327, 1678216769406507574, -1171, 546024
301, 513783, 1604646, 1090863, 1678216770948715125, 1678216770949259549, 1678216770949528719, 1678216770950075158, -6, 546182
303, 174179, 1265781, 1091602, 1678216773294294011, 1678216773294839541, 1678216773295104047, 1678216773295650119, 174677, 546182
304, 720605, 1809116, 1088511, 1678216774613969781, 1678216774614686517, 1678216774614941087, 1678216774615312862, -175406, 546260
305, 540321, 1630993, 1090672, 1678216775082372457, 1678216775083037101, 1678216775083303151, 1678216775083729179, -52980, 546182
306, 602973, 1695184, 1092211, 1678216775893350099, 1678216775893932685, 1678216775894237343, 1678216775894746968, 157, 546024
307, 516489, 1607574, 1091085, 1678216777835587983, 1678216777836114941, 1678216777836431807, 1678216777836995934, 14646, 545809
308, 583667, 1675013, 1091346, 1678216779608135819, 1678216779608668269, 1678216779608996975, 1678216779609555871, 12573, 545809
309, 531592, 1626040, 1094448, 1678216780439563251, 1678216780440103165, 1678216780440422095, 1678216780440976629, 5559, 545887
310, 500046, 1590502, 1090456, 1678216781665569853, 1678216781666113069, 1678216781666341791, 1678216781666889031, 1973, 545465
312, 703106, 1793881, 1090775, 1678216783602632487, 1678216783603176709, 1678216783603426767, 1678216783603973320, 2303, 545465
313, 526976, 1618972, 1091996, 1678216784937214895, 1678216784937762005, 1678216784938026127, 1678216784938571013, -250, 545465
314, 479483, 1569605, 1090122, 1678216786234168045, 1678216786234712597, 1678216786234963071, 1678216786235508641, 891, 545403
315, 718226, 1808949, 1090723, 1678216787850079445, 1678216787850624189, 1678216787850878047, 1678216787851424026, 234212, 545403
316, 529964, 1621667, 1091703, 1678216788791544993, 1678216788792127333, 1678216788792437087, 1678216788792946450, -232407, 545465
318, 511605, 1601459, 1089854, 1678216790405125322, 1678216790405778381, 1678216790406105839, 1678216790406542634, -72556, 545112
321, 484297, 1573612, 1089315, 1678216792301276621, 1678216792301807629, 1678216792302054143, 1678216792302612450, 21195, 543303
322, 375257, 1619205, 1243948, 1678216793113351969, 1678216793113878181, 1678216793114198495, 1678216793114916231, 22694, 543303
324, 480318, 1571058, 1090740, 1678216794559534661, 1678216794560067781, 1678216794560391295, 1678216794560948915, 14537, 543303
325, 551898, 1641519, 1089621, 1678216795134507775, 1678216795135045733, 1678216795135376031, 1678216795135927694, 6782, 543702
326, 552024, 1644381, 1092357, 1678216796787216274, 1678216796787763717, 1678216796788169935, 1678216796788714849, 2001, 543702
327, 540663, 1631453, 1090790, 1678216797738856175, 1678216797739404117, 1678216797739724255, 1678216797740267103, -4146, 545975
328, 503405, 1594003, 1090598, 1678216799513528774, 1678216799514074469, 1678216799514404303, 1678216799514949206, 649, 545975
329, 551794, 1643780, 1091986, 1678216800803247224, 1678216800803792861, 1678216800804062463, 1678216800804608812, 0, 546279
332, 554130, 1645467, 1091337, 1678216802529169924, 1678216802529713725, 1678216802530057823, 1678216802530605359, 386, 546279
333, 67960, 658504, 590544, 1678216804376158116, 1678216804376332861, 1678216804376654639, 1678216804377070438, -1875, 545501
335, -69072, 597470, 666542, 1678216806255112540, 1678216806255081165, 1678216806255414927, 1678216806256112844, 151428, 544815
336, -5860, 583828, 589688, 1678216807061196815, 1678216807061110021, 1678216807061425759, 1678216807062102241, 104755, 544275
338, 56975, 646102, 589127, 1678216808880740784, 1678216808880766925, 1678216808881090767, 1678216808881653753, 72884, 371448
340, -164019, 587678, 751697, 1678216810309619153, 1678216810309835253, 1678216810310157935, 1678216810310693532, 8717, 331598
342, -6263, 582856, 589119, 1678216812443172861, 1678216812443483901, 1678216812443800079, 1678216812444078158, -50162, 327855
343, 643, 589568, 588925, 1678216813276626198, 1678216813276931149, 1678216813277266863, 1678216813277550837, -39550, 327855
344, 1765, 595014, 593249, 1678216814133766460, 1678216814134061925, 1678216814134451903, 1678216814134749687, -24187, 327855
345, 35146, 627319, 592173, 1678216815104795168, 1678216815105075693, 1678216815105453727, 1678216815105765375, 2461, 315109
347, -137, 591201, 591338, 1678216816143576166, 1678216816143852101, 1678216816144216911, 1678216816144532314, 15833, 296688
348, 2326, 592583, 590257, 1678216817505956521, 1678216817506255309, 1678216817506532399, 1678216817506823868, -8067, 296688
349, 34294, 625182, 590888, 1678216818610851086, 1678216818611153829, 1678216818611453855, 1678216818611742000, -7888, 296153
352, 44717, 636219, 591502, 1678216820611739766, 1678216820612037925, 1678216820612337727, 1678216820612631070, -2648, 293719
353, 123448, 713074, 589626, 1678216821590028383, 1678216821590325709, 1678216821590645247, 1678216821590937547, -1070, 294358
354, -154400, 588592, 742992, 1678216823053831238, 1678216823054129773, 1678216823054456239, 1678216823054900696, -1856, 294743
355, -8726, 581733, 590459, 1678216824719219928, 1678216824719516893, 1678216824719898175, 1678216824720191669, 910, 294986
356, 56715, 646422, 589707, 1678216826001363788, 1678216826001656749, 1678216826001911695, 1678216826002208441, 609, 294986
357, 28553, 618676, 590123, 1678216826716741502, 1678216826717034557, 1678216826717309327, 1678216826717606395, 2117, 294698
358, 237270, 825582, 588312, 1678216828265242381, 1678216828265537621, 1678216828265860527, 1678216828266153599, 198899, 294698
359, -2823, 585998, 588821, 1678216829249441496, 1678216829249858621, 1678216829250138303, 1678216829250309999, -199242, 294698
360, 22378, 612986, 590608, 1678216831204563665, 1678216831204885349, 1678216831205151135, 1678216831205420059, -465, 294376
362, 41393, 632092, 590699, 1678216831867399828, 1678216831867691245, 1678216831868008671, 1678216831868307953, 20383, 294498
364, -156960, 594822, 751782, 1678216832877732990, 1678216832878171629, 1678216832878433951, 1678216832878747094, 17848, 294786
367, -329307, 646614, 975921, 1678216835640067058, 1678216835640356029, 1678216835640608575, 1678216835641295525, 5881, 296084
369, -390016, 654253, 1044269, 1678216836640591845, 1678216836641274709, 1678216836641446159, 1678216836641807564, 259, 296224
370, 67427, 658620, 591193, 1678216838630847346, 1678216838631140093, 1678216838631464687, 1678216838631763133, 482, 296224
372, -4258, 587950, 592208, 1678216840222053371, 1678216840222347837, 1678216840222676543, 1678216840222974285, -807, 296398
373, -6414, 583669, 590083, 1678216841576217637, 1678216841576510549, 1678216841576838767, 1678216841577135938, -497, 296315
374, -65979, 637100, 703079, 1678216842728498503, 1678216842728791229, 1678216842729204527, 1678216842729614880, 274, 296022
375, 186393, 776901, 590508, 1678216843969812019, 1678216843970104437, 1678216843970364239, 1678216843970662329, 2646, 295685
376, -19974, 646660, 666634, 1678216845909093801, 1678216845909387229, 1678216845909644511, 1678216845910017717, 1330, 295387
377, 52563, 642781, 590218, 1678216847438786892, 1678216847439081877, 1678216847439333455, 1678216847439628688, -1713, 295579
378, 921, 589759, 588838, 1678216847921098817, 1678216847921392917, 1678216847921590991, 1678216847921885729, 911, 294832
379, -195, 587551, 587746, 1678216849691019948, 1678216849691314669, 1678216849691564383, 1678216849691857408, -2839, 294832
381, 169780, 761337, 591557, 1678216851558762955, 1678216851559058285, 1678216851559309775, 1678216851559606002, 610, 294117
382, -9020, 581990, 591010, 1678216853485909563, 1678216853486204965, 1678216853486460895, 1678216853486756503, 154, 294117
384, -254840, 674419, 929259, 1678216855636134496, 1678216855636430189, 1678216855636767663, 1678216855637401229, -787, 294538
386, -1764, 590549, 592313, 1678216857108260359, 1678216857108557197, 1678216857108882079, 1678216857109177554, 291, 294996
387, 45673, 635476, 589803, 1678216858649630780, 1678216858649927205, 1678216858650210047, 1678216858650503425, -1837, 294996
388, 361, 589516, 589155, 1678216859724999711, 1678216859725295245, 1678216859725626847, 1678216859725920468, 1431, 294996
389, -8515, 581390, 589905, 1678216861219407681, 1678216861219703637, 1678216861220024831, 1678216861220318780, -839, 294996
390, -8910, 583045, 591955, 1678216862271487363, 1678216862271782733, 1678216862272104383, 1678216862272400968, 1688, 294996
391, 2400, 592723, 590323, 1678216863987507162, 1678216863987802885, 1678216863988122959, 1678216863988417559, 1994, 294996
393, 33126, 620958, 587832, 1678216865098747516, 1678216865099040997, 1678216865099373487, 1678216865099667838, -898, 295181
394, 179029, 767582, 588553, 1678216866663406976, 1678216866663702013, 1678216866664022591, 1678216866664316107, 183826, 295289
396, 42917, 631644, 588727, 1678216868618793662, 1678216868619269333, 1678216868619565199, 1678216868619678255, -181295, 295461
397, 118569, 706657, 588088, 1678216869667903910, 1678216869668255741, 1678216869668572367, 1678216869668808624, 115331, 295406
399, 47471, 637421, 589950, 1678216870797610535, 1678216870797920149, 1678216870798256463, 1678216870798536799, -98968, 295708
400, 200607, 791932, 591325, 1678216872624165068, 1678216872624479381, 1678216872624821151, 1678216872625098163, -17335, 295708
402, 4010, 592383, 588373, 1678216873293659787, 1678216873293951645, 1678216873294268639, 1678216873294565154, 13048, 295406
403, 1757, 590164, 588407, 1678216874497932490, 1678216874498210125, 1678216874498470863, 1678216874498781635, 17973, 294512
404, -3998, 584215, 588213, 1678216876301848228, 1678216876302133261, 1678216876302456495, 1678216876302759675, 7593, 294805
406, -2040, 588167, 590207, 1678216877237122376, 1678216877237412981, 1678216877237736175, 1678216877238035777, 3261, 294805
407, -3498, 586702, 590200, 1678216878299665632, 1678216878299958613, 1678216878300294303, 1678216878300591522, 2679, 295843
408, -522, 588238, 588760, 1678216879167262900, 1678216879167556381, 1678216879167895135, 1678216879168190414, -1224, 295762
410, 35, 591078, 591043, 1678216881192465831, 1678216881192759621, 1678216881193009679, 1678216881193306932, 2021, 295520
411, 153273, 742595, 589322, 1678216882592595089, 1678216882592890557, 1678216882593155359, 1678216882593449213, 561, 295762
412, 8004, 597582, 589578, 1678216883445662986, 1678216883445958557, 1678216883446220111, 1678216883446514118, -3361, 295974
415, 311, 588789, 588478, 1678216884532596086, 1678216884532889269, 1678216884533144783, 1678216884533440078, -968, 295520
416, -2722, 585575, 588297, 1678216885933938540, 1678216885934230261, 1678216885934482191, 1678216885934778767, -1158, 295432
417, 665, 591397, 590732, 1678216887161587400, 1678216887161882645, 1678216887162134639, 1678216887162430126, 1424, 295327
