# (slave) id, asymmetry, rt_m, rt_s, t1, t2, tm1, tm2, offset, delay
# (master) id, rt, t1, t2, tm1, tm2
4, 59139, 1678216463575691391, 1678185754370640231, 1678185754371168146, 1678216463576278445
5, 63379, 1678216464575908207, 1678185755433392162, 1678185755433836445, 1678216464576415869
6, 61020, 1678216465576066847, 1678185756496080206, 1678185756496541736, 1678216465576589397
7, 69895, 1678216466576251207, 1678216466551427077, 1678216466551893268, 1678216466576787293
8, 92207, 1678216467576440783, 1678216467551616913, 1678216467552113960, 1678216467577030037
9, 88369, 1678216468576483007, 1678216468553205131, 1678216468553563872, 1678216468576930117
10, 85105, 1678216469576650703, 1678216469560199781, 1678216469560704762, 1678216469577240789
11, 84584, 1678216470576696863, 1678216470575216059, 1678216470575525825, 1678216470577091213
12, 87091, 1678216471576868463, 1678216471579728298, 1678216471580204413, 1678216471577431669
13, 86283, 1678216472576913407, 1678216472579776331, 1678216472580122694, 1678216472577346053
14, 88456, 1678216473577139087, 1678216473578714140, 1678216473579127074, 1678216473577640477
15, 87625, 1678216474577176127, 1678216474577479467, 1678216474577787576, 1678216474577571861
16, 89405, 1678216475577349551, 1678216475577495285, 1678216475577999942, 1678216475577943613
17, 88804, 1678216476577376447, 1678216476577183957, 1678216476577454143, 1678216476577735437
18, 89709, 1678216477577608431, 1678216477577871710, 1678216477578329527, 1678216477578155957
19, 86949, 1678216478577649407, 1678216478577928089, 1678216478578354826, 1678216478578163093
20, 86992, 1678216479577825503, 1678216479578081392, 1678216479578526862, 1678216479578357965
21, 86786, 1678216480577878095, 1678216480578097860, 1678216480578345000, 1678216480578212021
22, 86823, 1678216481578057071, 1678216481578210504, 1678216481578712431, 1678216481578645821
23, 89514, 1678216482578095455, 1678216482578204823, 1678216482578418603, 1678216482578398749
24, 88500, 1678216483578272191, 1678216483578347473, 1678216483578800171, 1678216483578813389
25, 89630, 1678216484578323375, 1678216484578382444, 1678216484578663132, 1678216484578693693
26, 89192, 1678216485578505791, 1678216485578556550, 1678216485578960980, 1678216485578999413
27, 89052, 1678216486578621871, 1678216486578670305, 1678216486579016979, 1678216486579057597
28, 87295, 1678216487578777519, 1678216487578822745, 1678216487579298080, 1678216487579340149
29, 87265, 1678216488578866815, 1678216488578911417, 1678216488579159158, 1678216488579201821
30, 89757, 1678216489579032831, 1678216489579076914, 1678216489579524203, 1678216489579569877
31, 88513, 1678216490579168303, 1678216490579212407, 1678216490579445652, 1678216490579490061
32, 89634, 1678216491579361663, 1678216491579408487, 1678216491579719315, 1678216491579762125
33, 87878, 1678216492579501551, 1678216492579545318, 1678216492579993902, 1678216492580038013
34, 91405, 1678216493579714735, 1678216493579760405, 1678216493580221270, 1678216493580267005
35, 88218, 1678216494579846431, 1678216494579888143, 1678216494580145459, 1678216494580191965
36, 87980, 1678216495579996815, 1678216495580040257, 1678216495580506131, 1678216495580550669
37, 89308, 1678216496580184735, 1678216496580230427, 1678216496580640837, 1678216496580684453
38, 89941, 1678216497580347359, 1678216497580392700, 1678216497580827237, 1678216497580871837
39, 89670, 1678216498580506767, 1678216498580549888, 1678216498580994208, 1678216498581040757
40, 89758, 1678216499580665087, 1678216499580708350, 1678216499581203774, 1678216499581250269
41, 90117, 1678216500580811583, 1678216500580855224, 1678216500581305985, 1678216500581352461
42, 89762, 1678216501580968463, 1678216501581011302, 1678216501581291858, 1678216501581338781
43, 89140, 1678216502581101599, 1678216502581146842, 1678216502581566268, 1678216502581610165
44, 88965, 1678216503581259295, 1678216503581303086, 1678216503581746303, 1678216503581791477
45, 85883, 1678216504581388303, 1678216504581431531, 1678216504581828254, 1678216504581870909
46, 89700, 1678216505581601471, 1678216505581648402, 1678216505582103692, 1678216505582146461
47, 89549, 1678216506581733871, 1678216506581776880, 1678216506582216457, 1678216506582262997
48, 90542, 1678216507581891295, 1678216507581935990, 1678216507582453326, 1678216507582499173
49, 90597, 1678216508582093951, 1678216508582137742, 1678216508582579335, 1678216508582626141
50, 87243, 1678216509582267535, 1678216509582310753, 1678216509582696444, 1678216509582740469
51, 90980, 1678216510582452543, 1678216510582498208, 1678216510582927338, 1678216510582972653
52, 85981, 1678216511582674447, 1678216511582716182, 1678216511583138743, 1678216511583182989
53, 90069, 1678216512582810031, 1678216512582856558, 1678216512583370431, 1678216512583413973
54, 92847, 1678216513582966239, 1678216513583012627, 1678216513583491098, 1678216513583537557
55, 88183, 1678216514583100623, 1678216514583141562, 1678216514583639961, 1678216514583687205
56, 86867, 1678216515583307551, 1678216515583351987, 1678216515583788542, 1678216515583830973
57, 89332, 1678216516583492319, 1678216516583539529, 1678216516583942899, 1678216516583985021
58, 88294, 1678216517583652943, 1678216517583698413, 1678216517584198541, 1678216517584241365
59, 88405, 1678216518583845343, 1678216518583891285, 1678216518584322014, 1678216518584364477
60, 87252, 1678216519584039631, 1678216519584085173, 1678216519584502295, 1678216519584544005
61, 87668, 1678216520584182735, 1678216520584229432, 1678216520584621330, 1678216520584662301
62, 87397, 1678216521584346687, 1678216521584391762, 1678216521584820739, 1678216521584863061
63, 89004, 1678216522584496943, 1678216522584542961, 1678216522584933195, 1678216522584976181
64, 88862, 1678216523584714975, 1678216523584759006, 1678216523585280686, 1678216523585325517
65, 90700, 1678216524584858495, 1678216524584903542, 1678216524585338776, 1678216524585384429
66, 89676, 1678216525585082415, 1678216525585128177, 1678216525585531867, 1678216525585575781
67, 86526, 1678216526585279327, 1678216526585321459, 1678216526585815515, 1678216526585859909
68, 88124, 1678216527585454799, 1678216527585501021, 1678216527585940327, 1678216527585982229
69, 90398, 1678216528585582783, 1678216528585628691, 1678216528586126515, 1678216528586171005
70, 86973, 1678216529585805135, 1678216529585847873, 1678216529586240538, 1678216529586284773
71, 90355, 1678216530585899359, 1678216530585946563, 1678216530586333366, 1678216530586376517
72, 91357, 1678216531586053823, 1678216531586098639, 1678216531586521352, 1678216531586567893
73, 91332, 1678216532586182319, 1678216532586226621, 1678216532586640471, 1678216532586687501
74, 89750, 1678216533586346847, 1678216533586391721, 1678216533586893865, 1678216533586938741
75, 87556, 1678216534586532607, 1678216534586574939, 1678216534587020229, 1678216534587065453
76, 89691, 1678216535586687615, 1678216535586734786, 1678216535587138381, 1678216535587180901
77, 130150, 1678216536586876463, 1678216536586920021, 1678216536587378381, 1678216536587464973
78, 90468, 1678216537587087647, 1678216537587134607, 1678216537587595409, 1678216537587638917
79, 90521, 1678216538587282879, 1678216538587327917, 1678216538587582666, 1678216538587628149
80, 88181, 1678216539587493887, 1678216539587537932, 1678216539587996029, 1678216539588040165
81, 88860, 1678216540587655151, 1678216540587700376, 1678216540588149234, 1678216540588192869
82, 89429, 1678216541587817551, 1678216541587864653, 1678216541588322238, 1678216541588364565
83, 91462, 1678216542587954623, 1678216542588000580, 1678216542588447892, 1678216542588493397
84, 89942, 1678216543588122415, 1678216543588165708, 1678216543588651316, 1678216543588697965
85, 87883, 1678216544588424991, 1678216544588468980, 1678216544588834919, 1678216544588878813
86, 87829, 1678216545588529119, 1678216545588575134, 1678216545589076087, 1678216545589117901
87, 89462, 1678216546588666159, 1678216546588710912, 1678216546589180664, 1678216546589225373
88, 19708548, 1678216547588822607, 1678216547598890472, 1678216547599280418, 1678216547608921101
89, 23767821, 1678216548588957791, 1678216548593147489, 1678216548593561450, 1678216548613139573
90, 19629070, 1678216549589119279, 1678216549582099746, 1678216549582571322, 1678216549609219925
91, 14021388, 1678216550589261535, 1678216550588873227, 1678216550589261437, 1678216550603671133
92, 19593398, 1678216551589428927, 1678216551583441787, 1678216551583949915, 1678216551609530453
93, 13871153, 1678216552589564431, 1678216552593235343, 1678216552593663644, 1678216552603863885
94, 19562357, 1678216553589722431, 1678216553588323873, 1678216553588862706, 1678216553609823621
95, 13708281, 1678216554589857135, 1678216554597572242, 1678216554598034815, 1678216554604027989
96, 19619375, 1678216555590015631, 1678216555592300075, 1678216555592782826, 1678216555610117757
97, 13550855, 1678216556590149743, 1678216556598398218, 1678216556598867593, 1678216556604169973
98, 19633042, 1678216557590303247, 1678216557592506500, 1678216557592975088, 1678216557610404877
99, 13391989, 1678216558590437039, 1678216558598171510, 1678216558598552399, 1678216558604209917
100, 19681571, 1678216559590594511, 1678216559592678180, 1678216559593111727, 1678216559610709629
101, 13247304, 1678216560590729087, 1678216560599361890, 1678216560599804896, 1678216560604419397
102, 19685691, 1678216561590904847, 1678216561594294633, 1678216561594709716, 1678216561611005621
103, 13065873, 1678216562591039295, 1678216562600945102, 1678216562601357883, 1678216562604517949
104, 19635478, 1678216563591198015, 1678216563594963075, 1678216563595427051, 1678216563611297469
105, 12908799, 1678216564591340495, 1678216564599511251, 1678216564599931858, 1678216564604669901
106, 19652806, 1678216565591504159, 1678216565593696632, 1678216565594144768, 1678216565611605101
107, 12762135, 1678216566591600527, 1678216566598119594, 1678216566598584521, 1678216566604827589
108, 19631385, 1678216567591761935, 1678216567593760502, 1678216567594227523, 1678216567611860341
109, 12603237, 1678216568591898799, 1678216568598435266, 1678216568598906299, 1678216568604973069
110, 19676070, 1678216569592055199, 1678216569594543854, 1678216569594965798, 1678216569612153213
111, 12443307, 1678216570592192575, 1678216570599809124, 1678216570600272359, 1678216570605099117
112, 19663787, 1678216571592367695, 1678216571596297790, 1678216571596733017, 1678216571612466709
113, 12277233, 1678216572592502175, 1678216572600927896, 1678216572601371541, 1678216572605223053
114, 19663224, 1678216573592659503, 1678216573597487201, 1678216573597923215, 1678216573612758741
115, 12119141, 1678216574592810591, 1678216574601128387, 1678216574601553108, 1678216574605354453
116, 19619506, 1678216575592973903, 1678216575597737384, 1678216575598219180, 1678216575613075205
117, 11942441, 1678216576593124319, 1678216576600996368, 1678216576601416437, 1678216576605486829
118, 19690303, 1678216577593309551, 1678216577597978025, 1678216577598386712, 1678216577613408541
119, 11740830, 1678216578593460767, 1678216578601053377, 1678216578601496489, 1678216578605644709
120, 19184805, 1678216579593620079, 1678216579598435796, 1678216579599351541, 1678216579613720629
121, 11578048, 1678216580593771263, 1678216580601197127, 1678216580601626405, 1678216580605778589
122, 19005479, 1678216581593926367, 1678216581598843666, 1678216581599936689, 1678216581614024869
123, 11404903, 1678216582594077583, 1678216582601285856, 1678216582601741215, 1678216582605937845
124, 19629496, 1678216583594236447, 1678216583599227280, 1678216583599696838, 1678216583614335501
125, 11237638, 1678216584594386079, 1678216584601332730, 1678216584601756450, 1678216584606047437
126, 19627132, 1678216585594545647, 1678216585598615775, 1678216585599089033, 1678216585614646037
127, 11038537, 1678216586594735279, 1678216586600700270, 1678216586601147203, 1678216586606220749
128, 19628956, 1678216587594894719, 1678216587599460570, 1678216587599931172, 1678216587614994277
129, 10923511, 1678216588594971695, 1678216588600965000, 1678216588601408263, 1678216588606338469
130, 19640747, 1678216589595130815, 1678216589599743345, 1678216589600203108, 1678216589615231325
131, 10768613, 1678216590595241055, 1678216590601381943, 1678216590601853584, 1678216590606481309
132, 19595084, 1678216591595401487, 1678216591600264465, 1678216591600773851, 1678216591615505957
133, 10605319, 1678216592595553663, 1678216592601507099, 1678216592601839778, 1678216592606491661
134, 19670092, 1678216593595706879, 1678216593600889904, 1678216593601319586, 1678216593615806653
135, 10451952, 1678216594595868079, 1678216594601652961, 1678216594602058127, 1678216594606725197
136, 19628224, 1678216595596022351, 1678216595601209101, 1678216595601682939, 1678216595616124413
137, 10291546, 1678216596596220495, 1678216596601778935, 1678216596602196571, 1678216596606929677
138, 19666364, 1678216597596443231, 1678216597601710384, 1678216597602142386, 1678216597616541597
139, 19667682, 1678216598596645183, 1678216598601863333, 1678216598602294681, 1678216598616744213
140, 19653823, 1678216599596868719, 1678216599602047611, 1678216599602494874, 1678216599616969805
141, 19668457, 1678216600597021151, 1678216600602189889, 1678216600602621302, 1678216600617121021
142, 19778115, 1678216601597192223, 1678216601602408586, 1678216601602831989, 1678216601617393741
143, 19673965, 1678216602597341343, 1678216602602342258, 1678216602602768563, 1678216602617441613
144, 19657363, 1678216603597501791, 1678216603602576709, 1678216603603019488, 1678216603617601933
145, 19695140, 1678216604597650831, 1678216604602706179, 1678216604603110093, 1678216604617749885
146, 19694989, 1678216605597812223, 1678216605602867549, 1678216605603273046, 1678216605617912709
147, 19684064, 1678216606597966607, 1678216606603013491, 1678216606603430153, 1678216606618067333
148, 19707564, 1678216607598122751, 1678216607603170286, 1678216607603563376, 1678216607618223405
149, 19707499, 1678216608598291247, 1678216608603338887, 1678216608603729418, 1678216608618389277
150, 19688914, 1678216609598461919, 1678216609603518713, 1678216609603931581, 1678216609618563701
151, 19673109, 1678216610598617199, 1678216610603669277, 1678216610604094974, 1678216610618716005
152, 19856747, 1678216611598774175, 1678216611603829268, 1678216611604271383, 1678216611619073037
153, 19575190, 1678216612598924543, 1678216612603979732, 1678216612604502820, 1678216612619022821
154, 19662708, 1678216613599085727, 1678216613604144887, 1678216613604583425, 1678216613619186973
155, 19825642, 1678216614599286543, 1678216614604340896, 1678216614604614108, 1678216614619385397
156, 19703524, 1678216615599441263, 1678216615604498465, 1678216615604894139, 1678216615619540461
157, 19681685, 1678216616599592655, 1678216616604650806, 1678216616605069735, 1678216616619693269
158, 19674461, 1678216617599743823, 1678216617604798899, 1678216617605223892, 1678216617619843277
159, 19679212, 1678216618599936479, 1678216618604991271, 1678216618605409969, 1678216618620034389
160, 19675164, 1678216619600093759, 1678216619605150428, 1678216619605574326, 1678216619620192821
161, 19706836, 1678216620600242207, 1678216620605298260, 1678216620605690310, 1678216620620341093
162, 19682029, 1678216621600399807, 1678216621605457207, 1678216621605875256, 1678216621620499885
163, 10389453, 1678216622600593183, 1678216622605927407, 1678216622606340424, 1678216622611395653
164, 19631648, 1678216623600820415, 1678216623605599437, 1678216623606069147, 1678216623620921773
165, 19811506, 1678216624600974431, 1678216624605939221, 1678216624606226113, 1678216624621072829
166, 19629899, 1678216625601145871, 1678216625606203192, 1678216625606673427, 1678216625621246005
167, 19679594, 1678216626602989263, 1678216626608072615, 1678216626608493339, 1678216626623089581
168, 19704293, 1678216627603214575, 1678216627608295036, 1678216627608690061, 1678216627623313893
169, 19680544, 1678216628603369615, 1678216628608442284, 1678216628608861738, 1678216628623469613
170, 19627817, 1678216629603596319, 1678216629608664255, 1678216629609138148, 1678216629623698029
171, 9631728, 1678216630603732959, 1678216630603779959, 1678216630604227565, 1678216630613812293
172, 9663929, 1678216631603866223, 1678216631608894904, 1678216631609305373, 1678216631613940621
173, 9639803, 1678216632604036607, 1678216632610613307, 1678216632611049606, 1678216632614112709
174, 9620889, 1678216633604211807, 1678216633610738017, 1678216633611195566, 1678216633614290245
175, 9665227, 1678216634604357519, 1678216634610401149, 1678216634610812672, 1678216634614434269
176, 9250620, 1678216635604492655, 1678216635608868154, 1678216635609712204, 1678216635614587325
177, 9646760, 1678216636604685039, 1678216636607395144, 1678216636607824942, 1678216636614761597
178, 9603907, 1678216637604906287, 1678216637607053171, 1678216637607525254, 1678216637614982277
179, 9617649, 1678216638605057951, 1678216638607212264, 1678216638607671805, 1678216638615135141
180, 9655432, 1678216639605271743, 1678216639607434794, 1678216639607855064, 1678216639615347445
181, 9642219, 1678216640605404191, 1678216640607682715, 1678216640608114462, 1678216640615478157
182, 9608079, 1678216641605636351, 1678216641608030729, 1678216641608497112, 1678216641615710813
183, 9621640, 1678216642605794095, 1678216642608271092, 1678216642608724762, 1678216642615869405
184, 9608128, 1678216643605949711, 1678216643608472438, 1678216643608940460, 1678216643616025861
185, 9636523, 1678216644606055615, 1678216644608597088, 1678216644609034787, 1678216644616129837
186, 9653400, 1678216645606203999, 1678216645608756393, 1678216645609180879, 1678216645616281885
187, 9632261, 1678216646606397439, 1678216646608947517, 1678216646609392838, 1678216646616475021
188, 9700972, 1678216647606558623, 1678216647609107784, 1678216647609484434, 1678216647616636245
189, 9671285, 1678216648606752655, 1678216648609300197, 1678216648609706870, 1678216648616830613
190, 9593621, 1678216649606907823, 1678216649609456308, 1678216649609940157, 1678216649616985293
191, 9682884, 1678216650607059663, 1678216650609605338, 1678216650610000732, 1678216650617137941
192, 9645469, 1678216651607264895, 1678216651609810911, 1678216651610242768, 1678216651617342221
193, 8918826, 1678216652607419935, 1678216652609967362, 1678216652611126558, 1678216652617497957
194, 9720901, 1678216653607545279, 1678216653610224480, 1678216653610710849, 1678216653617752549
195, 9683815, 1678216654607751839, 1678216654610173648, 1678216654610568071, 1678216654617830077
196, 9647998, 1678216655607911807, 1678216655610419961, 1678216655610847937, 1678216655617987781
197, 9664787, 1678216656608071103, 1678216656610621319, 1678216656611033402, 1678216656618147973
198, 9587216, 1678216657608229807, 1678216657610793986, 1678216657611284176, 1678216657618307213
199, 9662501, 1678216658608369711, 1678216658610931327, 1678216658611345616, 1678216658618446501
200, 9661654, 1678216659608524959, 1678216659611081355, 1678216659611495099, 1678216659618600357
201, 9638510, 1678216660608676687, 1678216660611232484, 1678216660611670188, 1678216660618752901
202, 9607375, 1678216661608830879, 1678216661611382619, 1678216661611850018, 1678216661618905653
203, 9666692, 1678216662608982079, 1678216662611534933, 1678216662611945271, 1678216662619059109
204, 9602254, 1678216663609139135, 1678216663611690578, 1678216663612164970, 1678216663619215781
205, 9613854, 1678216664609295999, 1678216664611846087, 1678216664612308047, 1678216664619371813
206, 9609173, 1678216665609464015, 1678216665612013139, 1678216665612479036, 1678216665619539085
207, 9641044, 1678216666609564367, 1678216666612115447, 1678216666612549929, 1678216666619639893
208, 9821977, 1678216667609719967, 1678216667612269609, 1678216667612522766, 1678216667619795101
209, 9647268, 1678216668609871359, 1678216668612423190, 1678216668612852264, 1678216668619947701
210, 9734438, 1678216669610030751, 1678216669612724736, 1678216669613213464, 1678216669620253917
211, 9646339, 1678216670610184143, 1678216670612591176, 1678216670613024003, 1678216670620263309
212, 9646890, 1678216671610343535, 1678216671612847601, 1678216671613278549, 1678216671620421373
213, 9680209, 1678216672610493935, 1678216672613044100, 1678216672613441073, 1678216672620571117
214, 5330090, 1678216673610634399, 1678216673613426594, 1678216673614344134, 1678216673616882029
215, 9647807, 1678216674610786079, 1678216674613121242, 1678216674613551769, 1678216674620864413
216, 9644074, 1678216675610958047, 1678216675613445895, 1678216675613877739, 1678216675621033965
217, 9681258, 1678216676611106415, 1678216676613661170, 1678216676614055822, 1678216676621182325
218, 9589719, 1678216677611328303, 1678216677613897418, 1678216677614385617, 1678216677621406221
219, 9827802, 1678216678611484303, 1678216678614046893, 1678216678614294889, 1678216678621560101
220, 9575096, 1678216679611708207, 1678216679614266443, 1678216679614765729, 1678216679621782589
221, 9625424, 1678216680611852287, 1678216680614404558, 1678216680614852828, 1678216680621925981
222, 9658342, 1678216681612029471, 1678216681614581350, 1678216681614999990, 1678216681622106453
223, 9616495, 1678216682612178399, 1678216682614727401, 1678216682615187888, 1678216682622255381
224, 9605141, 1678216683612337791, 1678216683614888140, 1678216683615360621, 1678216683622415413
225, 9622341, 1678216684612496607, 1678216684615046383, 1678216684615502512, 1678216684622575077
226, 9586029, 1678216685612673663, 1678216685615223486, 1678216685615714215, 1678216685622750421
227, 9695460, 1678216686612768815, 1678216686615319207, 1678216686615699625, 1678216686622844693
228, 9593582, 1678216687613000975, 1678216687615554712, 1678216687616039856, 1678216687623079701
229, 9639542, 1678216688613171855, 1678216688615720848, 1678216688616157424, 1678216688623247973
230, 9825433, 1678216689613306127, 1678216689615855943, 1678216689616106316, 1678216689623381933
231, 9668395, 1678216690613458287, 1678216690616008631, 1678216690616415794, 1678216690623533845
232, 9590189, 1678216691613622239, 1678216691616172939, 1678216691616658548, 1678216691623698037
233, 9641133, 1678216692613776767, 1678216692616329504, 1678216692616765233, 1678216692623853629
234, 9596750, 1678216693614001007, 1678216693616550138, 1678216693617028818, 1678216693624076437
235, 9660932, 1678216694614166991, 1678216694616718361, 1678216694617133843, 1678216694624243405
236, 9593782, 1678216695614327807, 1678216695616878305, 1678216695617360641, 1678216695624403925
237, 9643717, 1678216696614472927, 1678216696617022687, 1678216696617454776, 1678216696624548733
238, 9594814, 1678216697614687183, 1678216697617237637, 1678216697617718685, 1678216697624763045
239, 9656764, 1678216698614841647, 1678216698617392391, 1678216698617812633, 1678216698624918653
240, 9638606, 1678216699615010303, 1678216699617561590, 1678216699618001054, 1678216699625088373
241, 9640821, 1678216700615190287, 1678216700617738101, 1678216700618173614, 1678216700625266621
242, 9746874, 1678216701615348047, 1678216701617896749, 1678216701618226177, 1678216701625424349
243, 9580205, 1678216702615508127, 1678216702618059037, 1678216702618554198, 1678216702625583493
244, 9611926, 1678216703615664639, 1678216703618216561, 1678216703618680817, 1678216703625740821
245, 9703348, 1678216704615829487, 1678216704618379592, 1678216704618752594, 1678216704625905837
246, 9682044, 1678216705616043791, 1678216705618592776, 1678216705618986698, 1678216705626119757
247, 1650196, 1678216706616261999, 1678216706614801779, 1678216706615208013, 1678216706618318429
248, 1636992, 1678216707616477215, 1678216707619023794, 1678216707619443992, 1678216707618534405
249, 1617829, 1678216708616637039, 1678216708620392954, 1678216708620831547, 1678216708618693461
250, 1733582, 1678216709616792303, 1678216709620690782, 1678216709621158166, 1678216709618993269
251, 1628645, 1678216710617012063, 1678216710620259833, 1678216710620686986, 1678216710619067861
252, 1639441, 1678216711617178687, 1678216711620166346, 1678216711620582623, 1678216711619234405
253, 1624206, 1678216712617323055, 1678216712618232974, 1678216712618667598, 1678216712619381885
254, 1640638, 1678216713617550047, 1678216713617760918, 1678216713618176678, 1678216713619606445
255, 1698801, 1678216714617712847, 1678216714617863984, 1678216714618272301, 1678216714619819965
256, 1594322, 1678216715617875647, 1678216715618054023, 1678216715618516443, 1678216715619932389
257, 1629855, 1678216716618083215, 1678216716618406546, 1678216716618833481, 1678216716620140005
258, 1592130, 1678216717618238367, 1678216717618668817, 1678216717619131661, 1678216717620293341
259, 1643671, 1678216718618372991, 1678216718618856545, 1678216718619270216, 1678216718620430333
260, 1645807, 1678216719618592447, 1678216719619109521, 1678216719619521896, 1678216719620650629
261, 1572211, 1678216720618808431, 1678216720619347223, 1678216720619832434, 1678216720620865853
262, 1565646, 1678216721619025311, 1678216721619579689, 1678216721620071361, 1678216721621082629
263, 1627720, 1678216722619280015, 1678216722619826556, 1678216722620254962, 1678216722621336141
264, 1554991, 1678216723619440079, 1678216723619983169, 1678216723620483240, 1678216723621495141
265, 1645260, 1678216724619661167, 1678216724620205830, 1678216724620616360, 1678216724621716957
266, 1585798, 1678216725619847183, 1678216725620392340, 1678216725620864164, 1678216725621904805
267, 1626174, 1678216726620011183, 1678216726620554954, 1678216726620986370, 1678216726622068773
268, 1735246, 1678216727620223903, 1678216727620917175, 1678216727621391647, 1678216727622433621
269, 1649321, 1678216728620385551, 1678216728620777333, 1678216728621185706, 1678216728622443245
270, 1630382, 1678216729620605599, 1678216729621104781, 1678216729621532421, 1678216729622663621
271, 1630489, 1678216730620760447, 1678216730621306027, 1678216730621733624, 1678216730622818533
272, 1605183, 1678216731620917711, 1678216731621474844, 1678216731621926115, 1678216731622974165
273, 1224165, 1678216732621070879, 1678216732621761745, 1678216732622231386, 1678216732622764685
274, 1643037, 1678216733621230655, 1678216733621649273, 1678216733622062578, 1678216733623286997
275, 1642023, 1678216734621384591, 1678216734621891550, 1678216734622304397, 1678216734623439461
276, 1645125, 1678216735621607663, 1678216735622152440, 1678216735622564121, 1678216735623664469
277, 1604353, 1678216736621782623, 1678216736622336695, 1678216736622789956, 1678216736623840237
278, 1561318, 1678216737621963983, 1678216737622517877, 1678216737623014957, 1678216737624022381
279, 1637205, 1678216738622122607, 1678216738622671591, 1678216738623089416, 1678216738624177637
280, 1632171, 1678216739622279839, 1678216739622832295, 1678216739623257586, 1678216739624337301
281, 1626502, 1678216740622431663, 1678216740622981704, 1678216740623412776, 1678216740624489237
282, 1571974, 1678216741622593599, 1678216741623139669, 1678216741623623133, 1678216741624649037
283, 1626060, 1678216742622748111, 1678216742623297187, 1678216742623728117, 1678216742624805101
284, 1587974, 1678216743622966607, 1678216743623512280, 1678216743623980048, 1678216743625022349
285, 1776834, 1678216744623117135, 1678216744623663584, 1678216744623942964, 1678216744625173349
286, 1595446, 1678216745623271231, 1678216745623817853, 1678216745624279349, 1678216745625328173
287, 1625669, 1678216746623432335, 1678216746623979421, 1678216746624411630, 1678216746625490213
288, 1596974, 1678216747623648431, 1678216747624194063, 1678216747624655839, 1678216747625707181
289, 1626788, 1678216748623863775, 1678216748624408617, 1678216748624840403, 1678216748625922349
290, 1592940, 1678216749624019407, 1678216749624564798, 1678216749625030568, 1678216749626078117
291, 1637508, 1678216750624167647, 1678216750624711806, 1678216750625131248, 1678216750626224597
292, 1643156, 1678216751624325167, 1678216751624871735, 1678216751625286337, 1678216751626382925
293, 1733156, 1678216752624533039, 1678216752625154772, 1678216752625553966, 1678216752626665389
294, 1645020, 1678216753624697887, 1678216753625170245, 1678216753625583495, 1678216753626756157
295, 1645688, 1678216754624908687, 1678216754625431007, 1678216754625842997, 1678216754626966365
296, 1601163, 1678216755625065023, 1678216755625609105, 1678216755626065268, 1678216755627122349
297, 1776672, 1678216756625214575, 1678216756625764631, 1678216756626043189, 1678216756627269805
298, 1680091, 1678216757625379679, 1678216757625931110, 1678216757626305945, 1678216757627434605
299, 1673348, 1678216758625543055, 1678216758626094420, 1678216758626478262, 1678216758627600245
300, 1636870, 1678216759625700735, 1678216759626247836, 1678216759626668092, 1678216759627757861
301, 1663524, 1678216760625911503, 1678216760626454388, 1678216760626846102, 1678216760627966741
302, 1091393, 1678216761626069279, 1678216761626613297, 1678216761627741510, 1678216761628288885
303, 1714124, 1678216762626238351, 1678216762626783251, 1678216762627180629, 1678216762628349853
304, 1642148, 1678216763626454719, 1678216763627000492, 1678216763627415598, 1678216763628511973
305, 1633845, 1678216764626610703, 1678216764627155374, 1678216764627579199, 1678216764628668373
306, 1629116, 1678216765626767871, 1678216765627311949, 1678216765627739359, 1678216765628824397
307, 1656124, 1678216766626942943, 1678216766627488892, 1678216766627889862, 1678216766629000037
308, 1630772, 1678216767627103231, 1678216767627649775, 1678216767628077209, 1678216767629161437
309, 1622845, 1678216768627205631, 1678216768627751423, 1678216768628186568, 1678216768629263621
310, 1624196, 1678216769627359199, 1678216769627904052, 1678216769628336462, 1678216769629415805
311, 1625684, 1678216770627512047, 1678216770628060241, 1678216770628493171, 1678216770629570661
312, 1604646, 1678216771627667247, 1678216771628213423, 1678216771628667247, 1678216771629725717
313, 1640396, 1678216772627819407, 1678216772628364490, 1678216772628781084, 1678216772629876397
314, 1265781, 1678216773627957279, 1678216773628678138, 1678216773629171851, 1678216773629716773
315, 1809116, 1678216774628112111, 1678216774628482965, 1678216774628730319, 1678216774630168581
316, 1630993, 1678216775628330559, 1678216775628823761, 1678216775629248438, 1678216775630386229
317, 1695184, 1678216776628482271, 1678216776629028452, 1678216776629388442, 1678216776630537445
318, 1688413, 1678216777628689487, 1678216777629253461, 1678216777629621958, 1678216777630746397
319, 1607574, 1678216778628890367, 1678216778629450822, 1678216778629898414, 1678216778630945533
320, 1675013, 1678216779629057231, 1678216779629615613, 1678216779629997622, 1678216779631114253
321, 1626040, 1678216780629207711, 1678216780629759157, 1678216780630189467, 1678216780631264061
322, 1617078, 1678216781629349455, 1678216781629897167, 1678216781630335463, 1678216781631404829
323, 1590502, 1678216782629510607, 1678216782630058045, 1678216782630523877, 1678216782631566941
324, 1793881, 1678216783629665855, 1678216783630213623, 1678216783630477684, 1678216783631723797
325, 1568431, 1678216784629819279, 1678216784630361816, 1678216784630848415, 1678216784631874309
326, 1618972, 1678216785629984175, 1678216785630529390, 1678216785630966408, 1678216785632040165
327, 1569605, 1678216786630134527, 1678216786630680821, 1678216786631167822, 1678216786632191133
328, 1567606, 1678216787630295327, 1678216787630839697, 1678216787631327529, 1678216787632350765
329, 1808949, 1678216788630414159, 1678216788631193774, 1678216788631676455, 1678216788632705789
330, 1621667, 1678216789630622607, 1678216789630935665, 1678216789631372660, 1678216789632681269
331, 1601459, 1678216790630835599, 1678216790631308155, 1678216790631763078, 1678216790632891981
332, 1600708, 1678216791630995071, 1678216791631542803, 1678216791632001445, 1678216791633054421
333, 1573612, 1678216792631150847, 1678216792631715345, 1678216792632199739, 1678216792633208853
334, 1619205, 1678216793631311295, 1678216793631877292, 1678216793632315669, 1678216793633368877
335, 1571058, 1678216794631524447, 1678216794632082287, 1678216794632568947, 1678216794633582165
336, 1641519, 1678216795631687951, 1678216795632238435, 1678216795632654434, 1678216795633745469
337, 1603559, 1678216796631843119, 1678216796632389024, 1678216796632842303, 1678216796633899957
338, 1644381, 1678216797631996527, 1678216797632542230, 1678216797632955615, 1678216797634054293
339, 1631453, 1678216798632208159, 1678216798632749988, 1678216798633173925, 1678216798634263549
340, 1594003, 1678216799632426527, 1678216799632973151, 1678216799633435650, 1678216799634483029
341, 1573678, 1678216800632604767, 1678216800633151054, 1678216800633633686, 1678216800634661077
342, 1643780, 1678216801632768367, 1678216801633314646, 1678216801633725992, 1678216801634823493
343, 1645467, 1678216802632968847, 1678216802633515512, 1678216802633924979, 1678216802635023781
344, 592838, 1678216803633188559, 1678216803633237443, 1678216803633712867, 1678216803634256821
345, 658504, 1678216804633398415, 1678216804633942041, 1678216804634336743, 1678216804634451621
346, 643310, 1678216805633618127, 1678216805634315462, 1678216805634726974, 1678216805634672949
347, 597470, 1678216806633829791, 1678216806634526034, 1678216806634982970, 1678216806634884197
348, 583828, 1678216807634087295, 1678216807634736325, 1678216807635225231, 1678216807635160029
349, 720154, 1678216808634262591, 1678216808634996209, 1678216808635465093, 1678216808635451629
350, 646102, 1678216809634443903, 1678216809634888235, 1678216809635298571, 1678216809635500341
351, 587678, 1678216810634595903, 1678216810634936218, 1678216810635409938, 1678216810635657301
352, 584219, 1678216811634814399, 1678216811635096607, 1678216811635589202, 1678216811635891213
353, 582856, 1678216812634966127, 1678216812635243820, 1678216812635728098, 1678216812636033261
354, 589568, 1678216813635183615, 1678216813635471920, 1678216813635942294, 1678216813636243557
355, 595014, 1678216814635340175, 1678216814635643843, 1678216814636102003, 1678216814636393349
356, 627319, 1678216815635508415, 1678216815635825985, 1678216815636252696, 1678216815636562445
357, 591201, 1678216816635672223, 1678216816635984744, 1678216816636455709, 1678216816636734389
358, 592583, 1678216817635831247, 1678216817636119868, 1678216817636579827, 1678216817636883789
359, 625182, 1678216818635980255, 1678216818636268520, 1678216818636697280, 1678216818637034197
360, 617532, 1678216819636138623, 1678216819636426304, 1678216819636861602, 1678216819637191453
361, 636219, 1678216820636292543, 1678216820636583614, 1678216820637000521, 1678216820637345669
362, 713074, 1678216821636446911, 1678216821636740199, 1678216821637081923, 1678216821637501709
363, 583718, 1678216822636597407, 1678216822636888983, 1678216822637377767, 1678216822637669909
364, 588592, 1678216823636757055, 1678216823637049942, 1678216823638114884, 1678216823638410589
365, 582733, 1678216824636909487, 1678216824637202531, 1678216824637687932, 1678216824637977621
366, 581733, 1678216825637069839, 1678216825637365735, 1678216825637856168, 1678216825638142005
367, 646422, 1678216826637232479, 1678216826637528074, 1678216826638012834, 1678216826638363661
368, 618676, 1678216827637425135, 1678216827637721950, 1678216827638158920, 1678216827638480781
369, 825582, 1678216828637658079, 1678216828638151676, 1678216828638581996, 1678216828638913981
370, 585998, 1678216829637881743, 1678216829637977199, 1678216829638459391, 1678216829638949933
371, 581186, 1678216830638037711, 1678216830638269813, 1678216830638760401, 1678216830639109485
372, 612986, 1678216831638256447, 1678216831638550358, 1678216831638990114, 1678216831639309189
373, 632092, 1678216832638472111, 1678216832638786992, 1678216832639209786, 1678216832639526997
374, 594822, 1678216833638643807, 1678216833638956441, 1678216833639416369, 1678216833639698557
375, 586752, 1678216834638795167, 1678216834639102705, 1678216834639583383, 1678216834639862597
376, 646614, 1678216835638960991, 1678216835639262956, 1678216835639671564, 1678216835640016213
377, 654253, 1678216836639171103, 1678216836639467586, 1678216836639866899, 1678216836640224669
378, 590724, 1678216837639325151, 1678216837639624211, 1678216837640087469, 1678216837640379133
379, 658620, 1678216838639521487, 1678216838639818193, 1678216838640212715, 1678216838640574629
380, 617356, 1678216839639749983, 1678216839640048498, 1678216839640486084, 1678216839640804925
381, 587950, 1678216840639904335, 1678216840640199926, 1678216840640678590, 1678216840640970949
382, 583669, 1678216841640056447, 1678216841640352265, 1678216841640835042, 1678216841641122893
383, 587182, 1678216842640210479, 1678216842640505619, 1678216842640983427, 1678216842641275469
384, 637100, 1678216843640351711, 1678216843640648007, 1678216843641063665, 1678216843641404469
385, 776901, 1678216844640562191, 1678216844640860522, 1678216844641338435, 1678216844641817005
386, 581591, 1678216845640723519, 1678216845641017937, 1678216845641501840, 1678216845641789013
387, 646660, 1678216846640875935, 1678216846641172652, 1678216846641581438, 1678216846641931381
388, 642781, 1678216847641034927, 1678216847641328793, 1678216847641741074, 1678216847642089989
389, 589759, 1678216848641216847, 1678216848641512590, 1678216848642103221, 1678216848642397237
390, 584383, 1678216849641376767, 1678216849641672914, 1678216849642166929, 1678216849642455165
391, 587551, 1678216850641453695, 1678216850641745688, 1678216850642281671, 1678216850642577229
392, 761337, 1678216851641610543, 1678216851641905270, 1678216851642197115, 1678216851642663725
393, 583982, 1678216852641759071, 1678216852642054071, 1678216852642540151, 1678216852642829133
394, 581990, 1678216853641919695, 1678216853642213966, 1678216853642698494, 1678216853642986213
395, 626285, 1678216854642194431, 1678216854642488178, 1678216854642915907, 1678216854643248445
396, 674419, 1678216855642333871, 1678216855642627622, 1678216855643007081, 1678216855643387749
397, 591557, 1678216856642500863, 1678216856642795834, 1678216856643258859, 1678216856643555445
398, 590549, 1678216857642713471, 1678216857643008758, 1678216857643479879, 1678216857643775141
399, 582526, 1678216858642864783, 1678216858643159047, 1678216858643643711, 1678216858643931973
400, 635476, 1678216859643089087, 1678216859643382246, 1678216859643799840, 1678216859644142157
401, 589516, 1678216860643244495, 1678216860643540922, 1678216860644018540, 1678216860644311629
402, 581390, 1678216861643419839, 1678216861643713996, 1678216861644197772, 1678216861644485005
403, 583045, 1678216862643584863, 1678216862643881547, 1678216862644365548, 1678216862644651909
404, 588102, 1678216863643741359, 1678216863644035106, 1678216863644503386, 1678216863644797741
405, 592723, 1678216864643893839, 1678216864644190829, 1678216864645399528, 1678216864645695261
406, 620958, 1678216865644050431, 1678216865644344714, 1678216865644832354, 1678216865645159029
407, 645341, 1678216866644205519, 1678216866644501638, 1678216866644984223, 1678216866645333445
408, 767582, 1678216867644366991, 1678216867644846106, 1678216867645335210, 1678216867645623677
409, 631644, 1678216868644517295, 1678216868644631461, 1678216868645059615, 1678216868645577093
410, 582697, 1678216869644690783, 1678216869644925844, 1678216869645411657, 1678216869645759293
411, 706657, 1678216870644846415, 1678216870645257152, 1678216870645753685, 1678216870646049605
412, 637421, 1678216871645067647, 1678216871645264387, 1678216871645680884, 1678216871646121565
413, 791932, 1678216872645218959, 1678216872645497332, 1678216872645759806, 1678216872646273365
414, 592383, 1678216873645442591, 1678216873645751045, 1678216873646217236, 1678216873646501165
415, 590164, 1678216874645652799, 1678216874645965284, 1678216874646439142, 1678216874646716821
416, 590359, 1678216875645822031, 1678216875646129326, 1678216875646602445, 1678216875646885509
417, 584215, 1678216876646093087, 1678216876646395485, 1678216876646878004, 1678216876647159821
418, 588167, 1678216877646262767, 1678216877646560833, 1678216877647038232, 1678216877647328333
419, 586702, 1678216878646499135, 1678216878646797657, 1678216878647278785, 1678216878647566965
420, 588238, 1678216879646671503, 1678216879646966041, 1678216879647440289, 1678216879647733989
421, 582373, 1678216880646846143, 1678216880647142969, 1678216880647626714, 1678216880647912261
422, 591078, 1678216881647042671, 1678216881647340212, 1678216881647803844, 1678216881648097381
423, 742595, 1678216882647204351, 1678216882647500674, 1678216882647813701, 1678216882648259973
424, 597582, 1678216883647403231, 1678216883647695844, 1678216883648167172, 1678216883648472141
425, 588789, 1678216884647554543, 1678216884647849095, 1678216884648375344, 1678216884648669581
426, 593060, 1678216885647720927, 1678216885648019900, 1678216885648486086, 1678216885648780173
427, 585575, 1678216886647872975, 1678216886648167249, 1678216886648648056, 1678216886648939357
428, 591397, 1678216887648091183, 1678216887648387934, 1678216887648859855, 1678216887649154501
